7135174521|marque 1|5000.0|99999                               
                                   
                               
                                   
                               
                                   
                               
                                   
                               
                                   
                               
                                   
                               
                                   
                               
                                   
                               
                                   
